4 
4 7 
7 3 4 
9 2 0 4 
8 5 9 9 3 
4 7 8 4 8 8 
0 4 2 1 2 1 3 
7 6 5 9 9 0 8 7 
3 7 2 2 6 2 3 8 3 
3 1 5 0 2 9 0 8 5 0 
7 4 2 3 5 3 9 7 2 3 0 
0 5 4 7 8 2 9 7 9 8 8 2 
6 8 3 9 4 1 2 4 7 8 7 7 5 
4 3 7 4 7 7 9 3 2 4 8 0 5 6 
3 3 5 5 2 7 1 5 1 5 7 2 6 2 6 
2 2 0 4 2 4 5 5 8 5 8 8 9 6 8 8 
6 3 6 0 5 9 4 0 6 4 3 4 5 7 3 4 1 
4 7 4 4 2 2 4 8 1 8 3 3 9 6 0 0 3 8 
0 5 1 5 2 3 6 7 4 6 2 9 5 3 1 9 4 7 0 
2 1 3 0 1 0 5 3 4 0 8 3 8 1 2 4 0 0 7 0 
2 5 1 2 1 0 6 3 1 8 3 2 2 2 1 8 6 1 5 5 3 
9 9 1 7 0 0 4 1 2 7 8 2 2 3 2 0 1 7 3 5 4 7 
8 9 7 1 1 9 2 1 9 9 1 9 1 7 4 0 4 6 3 5 1 8 8 
2 8 7 0 3 6 1 0 7 4 2 0 2 9 8 0 6 8 7 6 0 4 4 9 